#Source: 
# "/home/ahmed/Desktop/Programming/rfid/" +
#					"journal_experiments/exp_graphs/exp_150_readers/";

# Number of tags fixed to 250, number of readers variable. 

# RRE
# 75			100				125				150
36.3	2.86	38.8	3.35	41.11	3.37	41.12	3.59
484.96	14.76	547.69	15.2	602.79	19.68	644.24	19.07
926.53	27.53	1239.99	34.34	1540.33	39.33	1839.33	45.12


# RANDOM:
# 75			100				125				150
34.13	2.419	34.41	2.74	34.95	2.39	34.29	2.37


# GDE: 
# 75			100				125				150
26.47	1.37	25.98	1.26	25.91	1.54	25.4	1.50
740.93	65.24	846.0	64.10	918.96	74.35	998.23	84.25
2794.12	244.85	3768.28	292.46	4648.1	358.8	5665.26	475.99
3.77	0.63	3.64	0.52	3.53	0.57	3.67	0.60

# DRRE 
# 75			100				125				150
38.64	3.33	43.33	4.27	45.61	4.72	46.72	5.00

# LEO
# 75			100				125				150
70.37	1.91	89.54	2.74	104.76	3.86	118.35	3.96	

# LIMITED GDE 1
# 75			100				125				150
28.23	1.83	28.78	2.41	29.02	2.32	29.17	2.71

# LIMITED GDE 2
# 75			100				125				150
26.65	1.41	26.19	1.44	26.04	1.61	25.71	1.68
