# Source: 
# /home/ahmed/Desktop/Thesis " + "Files/chapters/rfid/coverage/journal/" +
#					"rfid_journal_experiments/exp_750_tags/
# 100 readers - variable tag count. 


# RRE
# 100			250				500				750
27.41 	2.45	36.63	2.98	41.49	2.94	42.53		3.41
192.96	8.86	480.98	14.29	962.92	21.01	1445.97		28.72
371.06	16.04	921.59	25.68	849.41	41.52	2774.12		45.212


#LEO
# 100			250				500				750
53.07	2.85	70.09	2.18	74.57	0.65	74.95	0.21
100		0.00	250		0.00	500		0.00	750		0.00
371.06	16.04	921.59	25.68	849.41	41.52	2774.12		45.212

# DRRE
# 100			250				500					750
31.22	2.57	39.11	3.37	42.24		3.82	43.08	3.71
565.2	21.66	1402.0	35.99	2812.27		54.95	4216.0	63.04
742.12	32.08	1843.18	51.37	3698.82		83.05	5548.24	90.4

# RANDOM
# 100			250				500				750
29.21	1.95	33.65	2.53	35.39	2.67	36.18	2.85
193.02	8.99	482.19	16.02	966.11	24.03	1446.67	28.98
371.06	16.04	921.59	25.68	849.41	41.52	2774.12		45.212


# RANDOM-2
# 100			250				500				750
27.85	1.73	31.87	2.09	33.5	2.13	33.71	2.32
224.05	13.17	566.31	30.12	1137.52	57.5	1712.96	85.44
522.34	19.86	1346.94	43.02	2735.04	82.75	4114.04	119.52

# MinMax
# 100			250				500				750
26.21	1.66	30.21	1.81	31.32	1.85	32.47	2.15
288.38	15.4	747.34	29.89	1511.16	56.42	2281.58	70.43	
521.03	24.31	1347.94	42.43	2722.31	75.90	4136.73	127.28

# RANDOM 3 
# 100			250				500				750
26.92	1.83	30.9	2.17	32.42	2.10	32.82	2.16
247.99	16.63	632.87	39.89	1263.23	71.43	1907.47	111.54
666.5	28.26	1746.99	65.76	3562.2	117.98	5386.69	188.81

# GDE 
# 100			250				500				750
22.42	1.51	26.65	1.37	28.08	1.45	29.01	1.45
264.42	22.41	730.54	58.56	1545.18	115.28	2372.41	175.7
1007.26	90.48	2773.56	213.46	5832.74	444.127	8959.84	727.28
3.17	0.47	3.56	0.49	3.82	0.58	3.87	0.59

# LIMITED GDE 1
# 100			250				500				750
23.04	1.59	28.68	2.17	31.26	2.36	32.95	2.53
253.48	16.58	679.25	37.11	1406.01	63.06	2133.32	87.94
855.31	44.64	2214.49	78.79	4517.34	140.52	6825.7	200.05


# LIMITED GDE 2
# 100			250				500				750
22.45	1.49	26.83	1.40	28.35	1.56	29.37	1.68
264.37	23.46	727.71	55.18	1533.38	98.84	2341.72	149.60
986.65	76.03	2672.07	165.59	5560.23	322.84	8481.27	498.47

# LIMITED GDE 3
# 100			250				500				750
22.42	1.51	26.65	1.37	28.08	1.45	29.06	1.47
265.22	22.35	732.03	55.79	1544.57	114.57	2367.61	169.7	
1005.93	88.09	2765.95	206.81	5807.39	420.89	8906.84	674.40
	
	