# Regionalized areas test: 
# source folder: 
# 
# 			String foldername = 
#					"/home/ahmed/Desktop/Git/RandomCoversRep/RandomCovers/region_dir_100r_100t/";
#
# region_dir ==> region_dir_100r_250t. 

# 100 readers: 


# 		DRRE			RRE			 	RANDOM			MINMAX			GDE				LIMG1			LimG2			RANDOM2			RANDOM3
100		26.82	4.35	22.6	3.70	12.6	2.30	10.64	2.21	7.72	1.58	13.38	3.16	9.1		2.19	11.96	2.42	11.78	2.18
250		38.46	5.56	34.04	5.56	14.48	3.03	11.30	2.31	8.70	1.45	18.64	4.26	12.48	3.26	13.22	1.93	13.02	2.22
500		46.38	6.40	42.92	6.64	15.86	3.67	13.0	2.86	10.12	1.71	24.20	6.27	15.94	4.86	15.18	3.39	14.74	3.49
750		52.98	6.49	48.72	5.40	17.38	3.48	13.42	2.70	10.76	1.34	27.96	5.49	17.98	4.50	16.02	3.08	14.68	2.82

# 750 readers: 
# 		DRRE			RRE			 	RANDOM			MINMAX			GDE				LIMG1			LimG2			RANDOM2			RANDOM3
100		40.46	6.31	28.33	4.93	12.4	2.24	10.2	1.64	6.93	1.06	12.86	3.36	7.86	2.06	12.40	2.89	11.86	2.09
250
500
750		


# 200 readers: 
# 		DRRE			RRE			 	RANDOM			MINMAX			GDE				LIMG1			LimG2			RANDOM2			RANDOM3
100		31.82	4.67	24.1	4.10	11.6	2.41	9.98	1.81	6.86	1.07	12.28	3.35	8.22	2.11	11.6	1.94	11.48	2.17
250		53.24	8.076	41.26	8.54	14.9	3.45	11.88	2.76	8.98	1.89	23.3	6.22	12.94	4.33	13.98	2.54	13.78	3.52
500		72.8	8.31	62.18	10.07	16.38	3.55	13.3	2.62	10.14	1.74	31.62	8.72	19.16	5.70	16.06	3.13	15.52	3.02
750		78.30	11.34	65.36	12.97	16.88	3.85	13.60	3.04	10.54	1.79	37.22	10.70	20.66	7.23	16.76	3.64	16.32	3.78
		