# arbitrary folder: 

#				String foldername = 
#						"/home/ahmed/Desktop/Git/RandomCoversRep/RandomCovers/arb_covers_r100_p_60_100/";
# 100 readers, 750 tags. 


# 		drre 					rre 			random 			minMax 			gde 			limGDE1 		limGDE2 		random2 		random3 		
0.05 	64.14		3.17		61.12	3.47	65.96	2.49	62.8	2.64	46.58	2.18	60.72	3.48	61.02	3.48	63.86	3.25	61.56	2.59	
0.20	23.74		1.66		22.1	1.59	24.8	1.65	22.62	1.52	14.96	0.56	22.28	1.48	21.72	1.22	23.82	1.44	23.14	1.78	
0.40	12.48		0.75		11.28	1.11	12.28	0.87	11.68	0.99	7.9		0.3		11.24	1.24	10.84	0.92	12.42	1.12	12.36	1.13	
0.60	7.66		0.79		7.14	0.8		7.8		0.8		7.4		0.75	5		0.01	6.8		0.82	6.14	0.69	7.5		0.78	7.74	0.77	
0.80	4.75		0.62		4.52	0.59	4.8		0.56	4.55	0.55	3.02	0.16	4.1		0.62	3.02	0.16	4.65	0.53	4.75	0.62	


